敬礼：



过渡1

278551
 -144289
 3754975
 -44791
 -2140116
 380055
 109008



 过渡2 


 482682
 -1078755
 3816958
 1328354
 -848746
 352039
 -549496


目标
 1364810
 -1276928
 4416319
 1893757
 -845454
 400992
 -550095



指向






过度1

237700
 -104802
 4083369
 -63275
 -2558590
 481817
 175238



过度2

1054619
 -269468
 4396382
 -130464
 -2143132
 744007
 -89960

 目标


1889454
 -392200
 5267981
 -207601
 -2120936
 449627
 -129722



打招呼






过度1


169615
 -96146
 4372344
 154983
 -2776907
 441610
 284044



过度2
332423
 -38999
 4105664
 936370
 -3097038
 79070
 336094

摆1


1433328
 -140796
 4438366
 1336499
 -3739870
 71024
 318523


 
摆2

1463212
 -140237
 3675168
 1336026
 -3739885
 71074
 318575


握手





过度1

169615
 -96146
 4372344
 154983
 -2776907
 441610
 284044


过度2 

72988
 -137623
 4258608
 344506
 -2481536
 612655
 -45334

握上

313101
 77522
 4236635
 803754
 -2481536
 792740
 -53064



握下

224593
 77282
 4236686
 545662
 -2481535
 792726
 -52800